%YAML:1.0
R: !!opencv-matrix
   rows: 3
   cols: 3
   dt: d
   data: [ 9.9945823518219346e-01, 2.9467638261436942e-02,
       -1.4659277669391305e-02, -3.0710790089247739e-02,
       9.9515403230365274e-01, -9.3409310894977865e-02,
       1.1835687499650364e-02, 9.3808903016044082e-02,
       9.9551986731372522e-01 ]
T: !!opencv-matrix
   rows: 3
   cols: 1
   dt: d
   data: [ -7.3354988131577779e+00, -1.2095727700120669e+00,
       1.3350140496457261e+00 ]
