%YAML:1.0
K: !!opencv-matrix
   rows: 3
   cols: 3
   dt: d
   data: [ 4.6414000245687447e+02, 0., 2.9897589030002450e+02, 0.,
       4.6633339716457215e+02, 2.7753351572564924e+02, 0., 0., 1. ]
D: !!opencv-matrix
   rows: 1
   cols: 5
   dt: d
   data: [ 5.1191936855687659e-01, -7.3075555687275990e+00,
       3.0922060130922694e-02, -1.6824088586447242e-02,
       3.6962260659845960e+01 ]
