%YAML:1.0
K: !!opencv-matrix
   rows: 3
   cols: 3
   dt: d
   data: [ 5.4015500644033273e+02, 0., 2.3709381144854729e+02, 0.,
       5.1237839844907785e+02, 1.8548081764385978e+02, 0., 0., 1. ]
D: !!opencv-matrix
   rows: 1
   cols: 5
   dt: d
   data: [ -2.0687265414926154e-01, 4.6941596743493003e-01,
       -2.3449572977591736e-03, -4.9981591655350315e-02,
       -4.3549606467499147e-01 ]
punktyPionowo: 6
punktyPoziomo: 8
