%YAML:1.0
K: !!opencv-matrix
   rows: 3
   cols: 3
   dt: d
   data: [ 7.0708487442916226e+02, 0., 3.0200615639982681e+02, 0.,
       7.0636469289524939e+02, 2.5327097721332939e+02, 0., 0., 1. ]
D: !!opencv-matrix
   rows: 1
   cols: 5
   dt: d
   data: [ 1.7281901200970284e-01, -1.4277370821225777e+01,
       9.2161739427052605e-03, -4.3373205916054491e-03,
       2.4819524726304257e+02 ]
