%YAML:1.0
K: !!opencv-matrix
   rows: 3
   cols: 3
   dt: d
   data: [ 5.0645898855911560e+02, 0., 3.2657142993365210e+02, 0.,
       5.0724750927079515e+02, 2.5586598563702336e+02, 0., 0., 1. ]
D: !!opencv-matrix
   rows: 1
   cols: 5
   dt: d
   data: [ 2.7848226161917927e-01, -7.5180518280947584e-01,
       7.0486279730849763e-03, 2.4694140345487372e-03,
       2.9069512886022314e-01 ]
punktyPionowo: 6
punktyPoziomo: 8
