%YAML:1.0
K: !!opencv-matrix
   rows: 3
   cols: 3
   dt: d
   data: [ 4.7503518196899608e+02, 0., 2.6457595458820151e+02, 0.,
       4.6810061544927800e+02, 2.5185027970886594e+02, 0., 0., 1. ]
D: !!opencv-matrix
   rows: 1
   cols: 5
   dt: d
   data: [ 4.0595062304452013e-02, 2.9662512563977772e-01,
       -4.6495811549257899e-03, -4.5607610849851675e-02,
       -7.3462198063318795e-01 ]
punktyPionowo: 6
punktyPoziomo: 8
