%YAML:1.0
K: !!opencv-matrix
   rows: 3
   cols: 3
   dt: d
   data: [ 4.9615098581084993e+02, 0., 3.1074296823553527e+02, 0.,
       4.9706887092822285e+02, 2.5671909374375218e+02, 0., 0., 1. ]
D: !!opencv-matrix
   rows: 1
   cols: 5
   dt: d
   data: [ 2.0501509423449352e-01, -3.4616370827501713e-01,
       9.3562659175849168e-03, -5.4639904647092617e-03,
       -5.1716868497652124e-01 ]
punktyPionowo: 6
punktyPoziomo: 8
