%YAML:1.0
K: !!opencv-matrix
   rows: 3
   cols: 3
   dt: d
   data: [ 7.2586405389556739e+02, 0., 2.6983916466964376e+02, 0.,
       7.2956566900404448e+02, 2.8124481082161952e+02, 0., 0., 1. ]
D: !!opencv-matrix
   rows: 1
   cols: 5
   dt: d
   data: [ 3.6661359470551041e-01, -1.2566152666577322e+01,
       2.0489221765413831e-02, -1.4127870148295462e-02,
       1.0352002682777751e+02 ]
