%YAML:1.0
K: !!opencv-matrix
   rows: 3
   cols: 3
   dt: d
   data: [ 4.5610111369994053e+02, 0., 2.8038225663503084e+02, 0.,
       4.5447956260268506e+02, 2.7432865217745376e+02, 0., 0., 1. ]
D: !!opencv-matrix
   rows: 1
   cols: 5
   dt: d
   data: [ 1.5844095657422175e-01, -1.0291660027666414e+00,
       1.2739916511279127e-02, -1.2746731257755967e-02,
       1.7744576515257628e+00 ]
