%YAML:1.0
K1: !!opencv-matrix
   rows: 3
   cols: 3
   dt: d
   data: [ 3.6351918443529428e+02, 0., 2.7712089090934234e+02, 0.,
       3.6351918443529428e+02, 2.5052284597462292e+02, 0., 0., 1. ]
K2: !!opencv-matrix
   rows: 3
   cols: 3
   dt: d
   data: [ 3.6351918443529428e+02, 0., 1.7086737151166665e+02, 0.,
       3.6351918443529428e+02, 3.0598855986158668e+02, 0., 0., 1. ]
D1: !!opencv-matrix
   rows: 1
   cols: 8
   dt: d
   data: [ 6.8411894418292043e+00, -3.1336243296547664e+01, 0., 0., 0.,
       0., 0., -2.9875380235396250e+01 ]
D2: !!opencv-matrix
   rows: 1
   cols: 8
   dt: d
   data: [ -8.9757617822383484e-01, 9.6643926444129591e-01, 0., 0., 0.,
       0., 0., -1.0475486868884432e+00 ]
R: !!opencv-matrix
   rows: 3
   cols: 3
   dt: d
   data: [ 7.0525252466369126e-01, 1.7564868903718736e-01,
       -6.8685254203140800e-01, -4.6479227365068532e-01,
       8.4611893297037044e-01, -2.6086566202493644e-01,
       5.3533822842210332e-01, 5.0321992141468253e-01,
       6.7836766718445884e-01 ]
T: !!opencv-matrix
   rows: 3
   cols: 1
   dt: d
   data: [ 3.6334290779740172e+01, 7.5940243045653535e+00,
       1.1108023178788002e+01 ]
E: !!opencv-matrix
   rows: 3
   cols: 3
   dt: d
   data: [ 9.2282948668337994e+00, -5.5772444056816814e+00,
       8.0492423723529516e+00, -1.1617173466136625e+01,
       -1.6333029241690269e+01, -3.2277582032348477e+01,
       -2.2243602436152713e+01, 2.9409250931175482e+01,
       -4.2623939206244552e+00 ]
F: !!opencv-matrix
   rows: 3
   cols: 3
   dt: d
   data: [ 1.8205325084628634e-04, -1.1002633633519558e-04,
       3.4837736969624729e-02, -2.2918038767448098e-04,
       -3.2221348716367595e-04, -8.7243132752898370e-02,
       -1.2049828787220775e-01, 3.2829923067364891e-01, 1. ]
