%YAML:1.0
K: !!opencv-matrix
   rows: 3
   cols: 3
   dt: d
   data: [ 6.6362532268858718e+02, 0., 2.5370816355627895e+02, 0.,
       6.6179796685507608e+02, 2.2780863802490279e+02, 0., 0., 1. ]
D: !!opencv-matrix
   rows: 1
   cols: 5
   dt: d
   data: [ -1.7324906579445262e-01, -1.5357932727382622e-02,
       -4.1942395560071091e-03, 2.3464838775476291e-03,
       7.0730167335580918e-01 ]
punktyPionowo: 6
punktyPoziomo: 8
