%YAML:1.0
R: !!opencv-matrix
   rows: 3
   cols: 3
   dt: d
   data: [ 9.9877291791672629e-01, 4.9523966797039493e-02,
       1.8748011637496426e-04, -4.9523978451016346e-02,
       9.9877293324876604e-01, 5.8034810544388620e-05,
       -1.8437595172717040e-04, -6.7248358311510918e-05,
       9.9999998074158314e-01 ]
T: !!opencv-matrix
   rows: 3
   cols: 1
   dt: d
   data: [ -1.2026783274582946e+00, -7.6529938282282417e-01,
       -3.4971204339425176e-03 ]
