%YAML:1.0
R1: !!opencv-matrix
   rows: 3
   cols: 3
   dt: d
   data: [ 9.9962177106105221e-01, 1.3329413413280051e-02,
       -2.4054969524470168e-02, -2.4811590058096855e-02,
       5.9850908040523905e-02, -9.9789891963340349e-01,
       -1.1861695475532478e-02, 9.9811832742655460e-01,
       6.0158994636405859e-02 ]
R2: !!opencv-matrix
   rows: 3
   cols: 3
   dt: d
   data: [ 9.9993806397403617e-01, -8.3414907186073412e-05,
       1.1129297273850175e-02, 1.1020123077825099e-02,
       1.4733847552570156e-01, -9.8902473706025773e-01,
       -1.5572742873548060e-03, 9.8908612702419185e-01,
       1.4733026920859962e-01 ]
